
    === 选股分析报告 ===
    股票总数: 239
    平均MA60角度: 63.85°
    平均偏离度: 2.09%
    平均10日涨幅: 6.79%
    
    仓位配置建议:
    强势区股票(99只): 建议配置60%资金
    中性区股票(90只): 建议配置30%资金
    弱势区股票(50只): 建议保留10%现金
    
    评分分布:
    score
10.0      2
20.0      7
22.5      2
25.0      3
30.0      3
35.0      1
40.0     25
45.0      7
50.0     19
55.0      8
60.0     18
65.0     21
70.0     24
75.0     19
80.0     35
85.0     17
90.0     25
100.0     3
    
    前10名股票:
    symbol  score  close     ma5  ma60_angle  ma200_angle      rsi6  deviation  ma5_slope  ma200_slope  pct_10d  low_10d
300633  100.0  35.50  35.194   56.571183    49.563213 62.655602   0.008695   0.003319     0.000580 0.056862    32.90
003031  100.0 157.70 157.550   79.393545    65.686067 57.949480   0.000952   0.001930     0.001083 0.020052   151.99
300919  100.0  51.93  51.506   68.104986    19.704969 56.701031   0.008232   0.002563     0.000178 0.037977    49.65
300957   90.0  48.97  48.490   63.357757    32.826775 55.442177   0.009899  -0.000214     0.000320 0.004925    47.43
300567   90.0 191.67 190.740   -5.069680   -23.867732 67.600000   0.004876   0.005335    -0.000222 0.051168   180.27
002312   90.0 214.93 213.106   31.974721   -32.832061 51.428571   0.008559   0.000107    -0.000325 0.008020   210.56
605111   90.0 135.22 134.632   62.176437    18.521392 64.280652   0.004367   0.004427     0.000167 0.060216   126.58
688005   90.0  35.04  34.900   76.749017    29.823304 46.703297   0.004011   0.001249     0.000285 0.058291    32.87
300866   90.0 193.95 192.212   85.020172    75.982757 65.458937   0.009042   0.008056     0.001926 0.147429   167.57
300001   90.0 160.19 158.656    4.549559   -12.474369 66.494401   0.009669   0.003260    -0.000111 0.022794   153.06
    